3521
1701
445
420
478
1247
445
421
478
388
447
419
448
418
449
417
450
421
446
425
442
419
448
418
480
386
481
385
451
1274
481
386
449
421
446
420
479
388
447
419
483
383
481
385
450
1274
449
1277
446
1283
472
395
472
394
452
1277
468
393
473
394
452
414
453
413
454
417
450
416
451
415
473
393
474
392
454
412
476
390
481
385
478
393
452
414
453
413
475
391
476
390
477
390
477
388
479
388
479
392
454
411
445
425
474
389
478
388
479
387
480
386
481
385
450
421
446
420
447
1278
477
1248
479
387
444
422
477
389
446
420
479
390
477
9921
3537
1689
451
415
479
1246
478
388
479
387
480
386
449
417
450
416
472
399
447
420
479
386
481
386
449
416
451
416
451
1274
471
395
471
400
478
388
447
419
448
418
449
417
471
395
455
1270
450
1275
480
1250
452
414
453
413
475
1251
451
414
453
413
479
387
476
390
477
394
473
393
453
413
475
391
476
390
476
390
446
420
447
420
447
423
475
1254
469
393
474
393
474
392
475
391
445
421
445
1280
507
363
483
384
451
415
456
410
453
1272
473
1252
482
1243
480
386
470
401
477
389
446
420
479
391
476
386
481
385
482
384
472
394
452
1295
502
1223
448
1277
478
1251
440
1281
474
392
454
1271
452
414
453
1277
447
419
447
419
449
419
448
416
451
415
473
393
473
393
474
397
449
417
482
385
450
415
452
414
474
393
453
413
480
386
444
427
472
394
452
1273
482
1243
480
386
481
385
471
402
465
394
452
423
476
386
449
417
471
396
450
416
451
415
473
1251
451
1274
449
431
436
1281
453
412
455
411
477
390
477
389
446
419
448
418
481
391
476
390
445
421
478
388
479
387
449
417
481
384
451
416
472
399
478
388
448
418
480
386
481
385
472
394
451
415
473
393
474
1256
478
388
448
419
479
386
481
386
481
384
452
415
473
393
452
419
448
418
481
1243
449
1277
499
367
479
387
448
418
470
396
482
389
478
1247
455
1274
470
392
475
1250
452
1272
451
416
451
414
453
1275
448
