3542
1686
476
388
478
1248
474
392
474
402
475
381
474
392
475
392
479
392
480
386
480
386
480
386
481
386
480
386
480
1245
477
389
478
393
483
384
483
387
479
383
483
383
483
384
483
1242
480
1245
477
1253
479
388
479
387
483
1242
476
390
476
390
476
391
475
391
476
395
482
384
482
385
481
385
481
385
482
388
478
384
482
385
482
389
477
389
477
389
478
388
478
389
477
389
478
388
478
388
478
394
487
379
483
383
483
383
484
382
484
382
484
383
483
383
484
387
479
387
479
1247
475
1254
479
383
483
383
483
384
483
383
483
385
481
9915
3544
1692
474
388
478
1247
507
360
474
392
474
392
475
391
475
391
475
397
480
386
480
387
480
385
481
386
480
386
480
1245
477
389
478
393
484
383
483
383
483
383
483
383
488
378
484
1242
480
1245
477
1253
480
386
511
355
480
1246
508
362
472
390
477
390
476
390
476
395
482
384
482
384
483
384
482
384
482
384
483
383
483
384
486
385
478
1247
474
392
506
360
475
392
474
392
506
360
475
391
475
396
481
386
481
1248
474
388
510
1215
475
391
475
1251
482
384
482
389
477
389
478
389
565
301
477
389
477
389
509
358
477
389
509
1238
484
1241
481
1245
477
1252
480
1241
481
385
481
386
481
1244
478
393
483
383
484
383
483
383
487
379
505
361
484
382
484
382
484
387
479
388
479
387
479
387
511
356
478
388
479
387
479
392
474
392
475
392
474
1251
481
1244
478
388
479
387
479
388
478
388
479
392
488
378
474
392
485
382
474
392
474
392
474
1252
481
1244
478
393
483
383
505
361
484
383
483
383
483
383
484
382
484
383
483
387
479
388
479
387
479
387
479
387
479
388
479
391
475
387
479
392
475
391
475
392
474
392
474
392
475
391
475
391
475
392
474
1256
477
389
477
390
476
390
476
390
477
389
477
389
509
357
477
395
482
384
504
1221
480
1249
472
391
475
391
476
390
476
390
476
396
481
385
481
385
482
1243
479
1250
472
391
475
1250
482
1243
479
1249
484
