3530
1697
479
385
481
1244
478
388
483
383
479
388
446
420
479
387
479
392
453
413
474
392
475
391
475
391
475
391
455
1274
479
384
451
420
478
388
478
387
480
387
479
387
479
387
480
1245
477
1248
478
1252
456
410
477
389
477
1248
474
392
475
391
475
391
454
412
476
395
481
389
478
385
481
385
450
416
482
384
472
394
483
383
483
388
479
387
479
387
479
387
480
387
483
383
479
387
480
386
488
383
476
390
476
390
476
390
477
389
477
390
476
389
478
389
477
398
469
393
473
1252
481
1244
478
388
478
388
478
388
479
387
479
389
478
9917
3543
1688
477
389
477
1248
474
392
474
392
475
391
479
388
474
392
475
396
481
385
481
385
481
385
482
384
482
384
482
1243
480
386
480
391
479
388
475
391
475
390
476
391
475
391
476
1249
473
1252
480
1250
472
398
469
393
473
1252
481
385
481
386
481
385
481
385
482
388
478
389
477
389
477
389
482
384
478
388
479
387
479
387
479
392
475
391
475
391
475
391
476
391
475
391
475
391
475
395
472
395
450
416
482
1243
479
387
479
387
480
1245
477
1248
474
392
478
394
479
387
479
387
480
386
480
386
480
386
481
385
502
364
482
1265
478
1251
555
1166
483
1242
480
1245
477
390
476
1249
484
382
505
1229
472
390
476
390
477
389
477
389
478
388
478
388
478
388
511
360
474
393
474
391
475
396
470
392
474
392
475
391
475
391
475
396
481
385
482
1243
479
1246
476
390
480
386
508
358
477
389
477
395
482
384
482
384
483
383
504
362
483
383
473
1252
481
1248
474
393
473
1252
481
385
481
386
481
384
482
385
482
384
482
384
483
388
478
388
478
388
479
387
479
387
479
387
480
386
480
387
479
391
476
391
475
391
475
391
476
390
476
390
476
390
477
389
477
1253
480
386
480
386
480
386
481
386
480
386
480
386
481
389
477
390
476
390
476
1249
473
1252
481
385
482
385
481
384
482
385
481
389
479
388
477
388
478
1247
475
392
475
1250
482
384
472
1253
480
388
478
