3561
1671
474
386
480
1245
477
389
477
390
476
390
477
389
477
389
477
394
483
384
482
384
486
380
483
383
472
394
473
1252
480
387
479
392
475
391
475
391
475
391
475
392
506
363
472
1250
482
1243
479
1252
481
385
481
385
481
1244
478
388
483
383
479
388
478
388
479
392
474
392
474
392
474
393
474
392
474
392
474
392
474
393
474
401
476
386
480
386
480
386
480
386
481
386
480
386
480
386
481
390
476
390
476
391
475
391
479
387
476
390
476
390
476
391
475
396
481
385
481
1244
479
1246
475
392
475
395
471
391
475
391
475
394
483
9913
3534
1697
480
386
480
1246
476
390
476
390
476
390
476
390
477
390
476
395
482
384
482
384
482
384
483
384
486
380
482
1243
479
387
532
340
474
391
475
392
474
392
475
391
475
391
475
1251
483
1242
478
1252
481
385
481
386
480
1245
477
389
478
388
478
389
477
389
478
393
483
383
484
383
504
361
473
394
483
383
483
383
473
393
473
398
479
1247
480
386
507
359
507
359
476
390
476
391
475
391
475
396
481
385
482
1244
478
388
478
1251
471
391
475
1251
481
385
482
389
477
389
477
389
477
389
477
390
477
389
481
385
477
389
478
1269
474
1252
480
1245
477
1248
474
1255
477
386
480
1245
478
388
478
1252
480
386
481
386
480
386
480
386
480
387
483
391
472
386
480
391
475
391
475
391
476
390
476
391
475
391
475
391
476
390
476
396
481
385
481
1244
478
1247
475
391
475
391
475
392
474
392
474
397
480
386
481
385
485
382
480
386
480
386
481
1244
478
1248
484
387
479
387
480
386
480
387
479
391
475
387
480
386
480
386
480
391
476
390
476
391
475
391
475
391
507
359
476
391
475
391
479
392
481
385
481
385
481
386
481
385
449
417
481
385
481
385
482
1249
483
383
483
383
477
389
484
382
473
393
474
393
473
393
484
387
479
387
479
1246
476
1250
483
387
479
383
483
383
483
384
504
367
478
388
478
388
478
1248
485
1240
482
384
486
380
482
1244
478
390
477
