3531
1692
506
359
475
1250
482
385
482
384
482
384
483
383
483
384
482
389
477
389
478
388
478
388
478
389
478
388
478
1247
480
386
475
396
481
386
480
386
481
385
481
385
481
386
481
1244
478
1247
475
1255
477
390
476
390
477
1248
474
392
474
393
473
392
474
393
474
397
480
386
484
383
479
387
479
387
480
386
480
386
480
386
481
391
475
391
475
391
475
391
475
391
476
395
471
391
475
391
475
396
481
385
482
385
481
385
481
385
481
385
482
385
481
385
481
390
481
385
477
1249
483
1242
501
365
481
385
481
386
480
385
481
388
479
9917
3545
1687
475
391
475
1250
483
384
482
384
482
384
483
387
479
383
483
389
478
388
478
388
478
388
479
388
478
388
478
1247
475
391
475
397
484
382
480
386
481
385
481
385
481
385
482
1244
478
1247
475
1255
477
389
478
389
477
1248
474
392
506
360
474
392
475
392
474
397
480
386
480
387
479
387
479
387
480
386
480
386
481
386
480
391
475
1250
483
383
483
384
482
384
482
384
483
383
487
379
483
388
479
388
478
1247
475
391
475
1251
482
384
482
1243
479
391
475
392
474
393
474
392
474
392
474
392
474
392
485
382
474
392
474
1273
481
1244
478
1248
474
1251
534
1191
478
388
479
1247
475
1254
478
389
477
389
478
389
477
389
477
389
477
389
509
358
477
389
477
394
483
383
483
383
488
378
484
383
483
383
484
382
484
382
484
388
478
388
478
1247
475
1250
483
387
479
384
483
383
483
384
482
388
478
389
478
388
478
388
510
356
479
387
479
1247
479
1246
504
367
478
388
478
389
477
389
478
388
509
357
478
388
478
389
478
393
473
393
484
382
473
393
474
393
473
393
473
393
484
382
474
398
479
387
479
387
479
387
480
386
481
386
479
387
480
386
480
1250
482
384
483
384
482
384
482
384
483
384
482
384
482
384
487
384
478
388
478
1248
474
1251
481
385
482
384
482
384
482
385
482
388
478
393
473
389
478
1248
484
1241
481
385
481
385
482
384
482
387
479
