3534
1692
474
392
474
1251
481
385
482
389
477
385
481
385
481
385
482
389
477
390
476
390
476
390
477
389
477
389
477
1249
488
378
473
398
479
387
532
335
479
387
479
387
479
387
480
1245
476
1249
484
1250
472
391
475
391
475
1250
483
383
483
384
503
363
482
384
483
388
478
388
482
385
478
388
478
388
478
388
478
388
479
387
479
393
473
393
473
393
474
392
474
392
485
382
484
382
474
392
474
397
480
386
480
387
479
387
479
387
480
386
480
387
479
386
481
391
479
387
475
1250
483
1242
479
388
479
387
479
387
479
387
480
388
478
9919
3540
1691
474
392
474
1252
481
385
481
385
481
385
481
386
485
381
481
390
476
390
476
390
476
390
477
389
477
390
476
1249
483
383
484
387
479
391
475
388
478
388
479
387
479
387
479
1246
476
1250
482
1248
506
367
472
388
474
1251
481
385
482
384
482
384
482
385
481
389
478
389
477
389
477
389
477
393
474
389
477
389
477
389
477
394
483
1243
479
387
479
387
480
386
480
386
480
386
485
382
480
391
475
391
475
1250
483
383
483
1243
479
387
479
1246
476
394
472
396
481
385
482
384
482
384
482
384
482
384
483
383
483
384
482
1265
478
1251
471
1251
482
1243
479
1246
476
390
476
1250
482
384
483
1251
471
391
475
391
475
392
474
392
474
392
507
359
475
392
474
397
480
386
480
386
481
385
481
386
480
386
481
385
481
385
481
390
477
389
477
1249
483
1242
480
386
481
385
481
385
481
386
481
390
476
390
476
390
476
390
476
391
476
390
476
1249
484
1242
479
391
476
1250
482
384
483
383
483
383
483
383
483
384
483
383
483
388
483
383
479
387
479
387
479
388
478
388
479
387
479
387
479
393
474
392
474
392
474
392
474
396
471
391
475
392
474
392
474
1256
477
389
509
357
477
390
477
389
530
336
477
389
481
385
478
394
483
383
483
1242
480
1245
477
390
476
390
476
390
476
390
477
398
479
1243
479
387
479
1246
476
1249
483
383
484
383
483
1242
484
384
478
