3534
1692
473
392
474
1252
480
386
481
385
481
390
477
385
481
384
482
390
476
390
477
389
477
389
477
389
477
390
477
1248
474
392
478
393
480
387
479
387
479
387
479
387
480
386
480
1246
476
1249
484
1250
472
391
475
391
475
1250
483
383
483
383
483
384
483
383
483
388
478
388
479
388
482
384
478
388
478
388
479
387
479
388
478
393
473
393
474
392
474
392
474
392
474
393
473
397
470
392
474
397
480
386
480
387
479
387
480
386
480
386
480
387
479
387
480
391
475
391
479
1247
482
1243
479
387
479
387
479
387
480
387
479
389
477
9919
3541
1691
474
392
474
1251
482
385
481
385
481
385
481
385
482
384
484
388
477
389
477
389
477
389
477
390
476
390
476
1249
473
393
474
397
479
388
479
391
475
387
479
387
480
386
480
1246
476
1249
473
1257
476
390
476
391
479
1246
483
383
483
383
483
384
482
384
483
388
478
388
478
388
479
388
478
388
478
392
474
388
479
387
479
393
473
1252
481
385
481
385
482
385
481
385
481
385
482
384
486
385
477
390
476
1249
473
393
474
1252
480
386
480
1245
478
388
478
397
480
383
472
394
483
383
473
393
473
393
484
383
483
383
484
1263
480
1245
481
1245
483
1242
480
1245
477
1249
473
393
473
1252
481
390
476
390
477
390
476
390
476
390
476
390
477
389
477
390
476
395
482
384
482
384
483
383
487
380
482
384
483
383
483
383
483
388
479
388
478
1247
475
1250
483
384
482
384
482
384
483
383
483
388
478
389
478
388
478
388
478
388
479
387
479
1247
475
1254
479
388
478
388
479
388
478
388
486
380
479
387
479
387
479
388
479
392
474
392
474
392
478
388
475
392
474
392
474
392
475
391
475
396
481
386
480
386
481
385
481
385
481
386
481
388
478
385
481
1249
474
392
474
393
473
393
473
393
474
392
474
393
473
393
474
397
483
383
480
1245
477
1249
473
393
473
393
474
392
474
392
485
387
479
387
479
391
476
1245
477
1249
452
1273
480
1245
477
1249
484
1248
474
