3538
1689
476
389
478
1247
475
391
476
391
475
391
480
386
475
391
476
395
482
384
482
385
481
385
482
384
488
378
483
1242
480
387
500
374
472
391
475
391
475
391
475
391
476
391
475
1250
483
1242
480
1250
486
380
483
384
482
1243
480
386
480
386
480
386
481
385
481
391
475
391
476
390
476
394
472
390
477
390
476
390
476
390
477
394
483
383
483
383
452
414
484
383
483
383
483
383
488
378
473
398
479
388
479
387
479
387
480
386
480
386
480
386
481
386
480
391
475
391
476
1253
479
1242
481
386
480
394
473
385
449
417
481
388
479
9916
3533
1699
478
388
478
1247
475
391
476
390
476
391
476
390
476
390
480
391
482
384
483
383
483
384
483
383
483
383
483
1242
480
386
481
391
475
391
475
391
476
390
476
390
476
390
477
1249
473
1252
481
1249
483
383
484
382
484
1242
480
386
481
385
481
385
482
385
481
390
476
390
477
389
477
389
477
389
478
388
478
389
478
388
478
393
473
1252
481
385
482
385
481
385
482
384
482
384
482
384
483
392
474
389
478
1247
475
391
475
391
475
1251
482
1243
479
387
480
391
479
387
475
391
476
390
476
391
475
391
476
390
476
390
476
1271
483
1243
479
1250
472
1249
473
1252
481
385
481
1245
478
388
478
1252
485
381
481
385
482
385
481
385
481
385
482
384
482
384
483
388
478
389
530
336
478
388
478
392
474
388
479
388
478
388
479
392
474
392
474
1251
482
1244
478
388
479
387
483
383
479
387
448
423
475
392
474
392
475
391
475
391
475
391
476
1250
482
1243
480
391
475
1250
483
383
504
362
484
383
483
383
483
383
483
383
473
398
479
387
480
387
479
387
480
386
480
386
480
386
481
385
481
391
476
390
476
390
476
390
477
389
477
390
480
386
445
421
477
1253
479
387
480
387
479
387
480
386
480
386
480
386
481
385
481
395
471
391
476
1249
483
1242
512
355
480
385
482
385
481
385
481
390
477
1248
474
393
473
1252
481
385
481
1244
479
387
479
1247
475
393
474
