3533
1692
474
391
475
1249
483
384
483
383
483
383
483
383
483
383
484
388
478
388
478
388
479
387
483
384
478
388
478
1247
475
391
476
395
482
385
481
385
481
385
481
385
482
385
481
1248
474
1247
475
1255
478
389
477
389
477
1248
474
392
485
381
478
389
484
382
485
386
480
386
480
387
480
386
480
386
480
386
481
385
481
386
480
390
477
393
473
390
476
390
476
391
476
389
477
390
476
390
476
395
482
385
482
384
482
384
482
384
486
380
483
384
482
384
482
389
478
388
478
1247
486
1240
482
384
482
384
482
384
483
384
482
386
480
9916
3544
1688
478
388
478
1247
479
388
474
392
475
391
475
391
475
392
474
397
480
386
481
385
481
385
481
386
480
386
481
1244
478
388
478
393
484
383
483
383
484
382
484
382
484
382
484
1242
481
1248
474
1252
480
387
479
387
480
1245
477
389
477
389
477
390
476
390
477
398
479
383
483
383
483
384
483
383
483
383
483
383
483
384
483
388
510
1215
475
391
479
388
475
391
475
391
475
391
475
391
476
396
481
385
481
1244
478
388
510
1220
470
392
475
1250
482
384
482
389
478
389
477
389
478
388
478
388
478
389
478
387
483
384
510
1237
485
1241
481
1244
478
1247
475
1250
483
1247
475
1246
476
1249
484
387
479
388
478
388
479
387
479
387
479
388
482
384
479
387
479
392
475
391
475
392
474
392
474
392
485
381
475
391
507
360
475
396
481
385
502
1223
478
1248
474
392
485
381
475
392
484
381
475
397
480
386
480
386
481
386
480
386
480
386
481
1244
478
1247
475
396
481
386
480
386
480
386
481
385
485
382
480
386
481
385
481
390
476
390
476
391
476
390
476
390
476
390
476
390
477
390
476
399
478
384
482
384
482
385
482
384
482
384
482
384
483
383
483
1248
558
308
538
328
478
388
475
391
507
360
474
392
474
392
485
386
481
386
480
1245
477
1248
474
396
480
383
484
382
473
393
474
397
480
386
480
387
479
1246
476
1249
484
1245
477
386
480
386
481
387
479
