3540
1690
508
356
479
1247
475
391
475
391
475
391
476
390
476
390
476
395
482
385
482
384
482
384
482
384
483
383
483
1242
480
387
480
391
475
391
475
391
476
390
476
390
476
391
476
1248
484
1242
480
1250
483
383
484
383
483
1242
480
386
481
385
481
385
481
385
482
389
477
390
508
358
477
394
472
389
476
390
477
389
478
389
477
394
536
330
483
383
484
382
484
383
483
383
483
383
489
377
474
397
480
386
480
387
479
387
480
386
480
386
481
385
481
385
481
391
476
390
508
1222
479
1241
481
386
480
386
481
384
481
386
481
387
480
9915
3549
1683
478
389
478
1247
475
391
475
391
475
391
476
390
476
390
476
396
481
385
482
384
482
384
482
385
482
383
483
1243
480
386
480
391
475
391
476
391
481
385
475
391
476
390
476
1249
483
1242
481
1250
482
384
483
383
483
1247
475
386
481
385
480
387
480
386
481
390
476
390
476
390
477
389
477
389
477
390
482
384
477
388
478
395
482
1243
480
386
480
386
480
386
481
1244
478
1252
470
392
474
397
480
386
481
1244
478
388
478
388
479
1246
476
1250
483
383
483
388
478
388
479
387
511
356
478
388
478
388
479
387
479
387
480
1268
475
1255
478
1242
480
1245
477
1249
473
393
484
1241
481
385
486
1244
484
383
483
383
484
382
484
382
484
382
474
392
485
381
506
366
480
386
479
387
481
385
481
385
481
386
502
364
481
385
503
368
477
389
477
1248
485
1241
481
385
482
384
482
384
482
384
483
388
478
389
478
387
479
388
478
388
479
387
479
1247
480
1245
483
388
478
1246
476
391
476
390
529
337
476
391
476
390
476
390
508
368
477
384
482
385
482
384
482
384
483
383
483
383
589
278
483
388
478
388
479
387
478
388
484
382
512
355
479
387
480
386
480
1250
483
383
483
383
483
383
505
362
483
383
505
366
479
382
484
387
480
386
480
1246
476
1249
484
382
484
383
484
381
485
381
490
382
480
1245
477
389
476
1250
484
381
485
382
484
382
485
381
485
1247
475
