3526
1698
478
387
479
1246
476
395
472
389
477
390
476
390
476
390
477
394
482
384
483
383
483
384
482
384
483
383
483
1246
476
386
480
391
475
392
475
391
475
391
454
412
475
391
476
1250
482
1243
479
1251
482
384
482
385
481
1244
478
388
479
387
479
387
479
388
479
391
475
393
473
392
474
392
475
391
475
391
475
391
475
392
475
396
481
385
481
385
481
386
480
386
485
381
481
385
481
385
482
389
477
389
477
389
477
390
476
390
477
389
477
389
477
390
476
399
499
363
482
1243
480
1245
476
390
477
390
476
390
476
390
476
392
474
9922
3541
1691
481
385
481
1244
478
388
479
388
478
388
482
384
478
388
479
392
474
392
474
393
473
393
474
392
474
392
474
1252
481
385
481
394
472
390
477
389
477
389
477
389
509
357
478
1248
473
1252
481
1249
488
379
483
383
483
1242
480
386
480
387
480
386
480
386
449
422
475
391
476
390
476
395
471
391
476
390
476
390
476
390
476
395
482
1244
478
388
478
388
479
387
479
1250
472
1249
483
384
483
388
478
388
478
1247
475
1250
482
385
482
1247
475
1246
476
391
475
395
482
385
481
385
481
385
482
384
482
384
482
385
482
384
482
1265
531
1194
475
1250
483
1242
480
1246
476
390
476
1249
483
384
482
1248
474
392
475
391
475
391
475
391
475
392
474
392
475
395
471
396
481
385
481
385
481
386
481
385
481
385
482
384
482
384
482
390
476
389
478
1252
480
1241
481
386
480
386
481
385
481
385
481
390
476
392
475
389
477
389
477
394
472
390
477
1248
484
1241
481
391
475
1250
483
383
483
383
483
383
540
326
484
383
483
383
483
388
478
388
479
388
446
420
478
388
479
387
511
355
479
387
532
343
471
391
475
392
485
381
474
392
475
391
475
392
474
392
475
1255
477
389
477
389
513
353
478
389
477
389
478
388
478
388
478
393
484
383
473
1252
480
1245
477
389
478
388
484
383
477
388
478
394
483
1242
480
386
533
333
481
1245
477
389
477
390
477
388
478
1250
482
