3534
1692
479
386
481
1244
478
388
478
388
478
388
478
388
479
387
479
393
478
388
473
393
474
392
474
392
474
392
474
1252
481
385
481
390
476
390
476
390
476
394
473
390
476
390
476
1249
483
1242
480
1251
482
384
490
376
483
1246
476
387
479
387
479
387
479
387
480
391
475
391
475
392
474
392
475
391
475
391
475
395
471
392
453
418
480
386
481
385
481
385
481
386
480
386
481
385
481
385
481
390
477
389
481
386
476
390
476
390
477
389
477
389
477
390
476
395
482
384
482
1243
479
1250
472
391
475
391
475
391
476
390
476
393
473
9927
3532
1699
477
385
481
1244
478
389
477
389
478
388
478
388
478
389
477
394
473
393
483
383
477
389
473
393
474
393
473
1252
480
386
481
390
476
391
475
391
475
391
476
390
476
390
476
1250
482
1243
479
1251
482
384
482
384
535
1191
478
388
479
387
479
387
479
387
479
393
474
392
474
392
474
392
474
392
475
392
474
392
474
392
474
397
484
1241
477
389
477
390
476
390
476
390
477
1248
484
383
472
399
478
388
479
1250
472
390
476
390
476
1250
483
1242
480
386
480
391
475
392
474
392
478
388
475
391
475
391
475
391
476
391
475
1272
481
1244
478
1247
475
1255
478
1243
479
387
479
1246
476
390
476
1255
478
388
478
388
482
384
479
388
478
388
478
388
479
387
479
392
485
381
474
393
474
392
474
392
474
392
474
396
471
392
474
397
480
386
480
1245
477
1249
473
392
485
382
473
393
474
392
478
393
480
387
479
387
479
387
480
386
480
386
480
1246
476
1249
473
398
479
1247
475
390
476
391
475
391
475
391
475
391
476
390
476
396
481
385
502
364
481
385
481
385
482
385
481
385
481
385
481
390
477
389
477
389
477
390
476
390
477
389
477
389
477
389
482
1249
479
387
479
387
479
387
480
387
479
386
480
387
480
386
501
370
475
391
528
1198
482
1243
479
387
479
387
479
387
532
335
479
392
474
1251
482
384
486
1239
479
388
478
1247
475
1250
483
1243
479
389
477
