3534
1689
476
389
477
1250
482
383
483
384
482
384
482
384
482
384
482
389
477
390
475
391
475
391
475
391
475
392
511
1214
481
385
481
390
477
390
475
391
475
391
475
391
486
381
474
1251
481
1248
473
1254
478
388
478
388
478
1248
474
392
474
392
474
392
484
382
488
384
478
388
478
388
478
389
477
389
562
304
477
389
477
390
508
363
503
363
482
384
482
384
482
385
481
385
481
385
481
385
481
390
476
391
506
360
475
391
475
392
473
393
484
382
488
378
473
398
479
388
478
1247
474
1252
480
386
480
386
480
386
480
387
500
368
481
9919
3532
1697
478
388
478
1247
474
392
474
392
478
389
473
393
473
393
473
398
479
388
478
388
478
388
478
388
478
389
477
1248
484
386
480
388
478
388
478
388
478
388
478
388
478
389
477
1248
484
1242
479
1255
477
385
481
385
481
1245
476
390
476
390
476
390
476
391
475
396
480
386
481
389
477
386
480
386
480
386
480
386
480
386
480
392
484
1241
481
385
481
386
480
386
483
383
480
386
480
1246
475
396
481
385
481
1244
477
390
476
1249
483
1246
475
1247
474
392
475
397
479
386
480
387
479
387
479
387
479
387
479
388
482
384
478
1269
473
1253
479
387
480
386
480
386
480
387
479
1246
475
391
475
1256
476
390
476
390
476
391
475
390
508
359
475
391
475
391
475
397
501
365
484
382
480
386
511
355
479
388
479
387
479
387
479
393
483
383
483
1242
479
1246
480
387
475
391
475
391
475
391
475
396
480
387
479
387
479
387
479
387
479
388
478
1247
474
1252
480
391
475
391
475
391
475
391
475
392
474
392
474
392
474
392
474
398
483
383
479
387
479
387
479
388
478
388
478
388
478
389
477
394
483
383
483
383
483
383
504
367
478
384
482
384
482
384
482
1249
483
383
483
383
483
383
483
384
482
384
482
384
486
380
482
389
508
359
476
1249
483
1243
478
388
531
335
478
388
510
357
477
398
479
383
483
1242
479
1247
475
1250
482
384
482
385
481
385
481
1250
471
