3541
1687
474
391
475
1250
483
384
482
384
472
394
483
383
483
384
482
389
477
389
478
388
478
388
479
388
478
388
478
1247
475
391
476
396
480
386
486
380
481
385
482
385
481
385
481
1244
478
1247
475
1256
477
389
477
393
473
1248
474
393
474
392
474
392
474
393
473
398
479
387
480
386
480
387
500
366
483
383
480
386
480
386
481
390
476
391
528
338
475
391
476
390
476
391
475
391
475
391
475
396
482
385
481
385
481
385
587
279
482
385
481
385
481
385
482
389
477
389
477
1249
473
1252
481
385
481
386
480
386
481
385
481
387
479
9922
3537
1695
470
392
475
1250
482
385
482
384
482
384
482
384
483
384
482
389
477
389
478
388
478
388
478
389
478
388
478
1247
475
391
475
397
480
386
480
386
481
386
480
391
475
386
481
1244
478
1248
474
1256
476
390
477
389
508
1218
487
379
484
382
473
393
473
394
473
398
479
387
479
387
479
388
479
387
479
387
479
387
480
390
476
391
475
1251
482
384
482
384
535
332
482
384
482
384
483
1243
479
392
478
388
474
1251
482
1244
478
388
478
1247
475
1250
483
384
482
389
477
389
478
389
477
389
477
389
478
388
478
389
477
389
478
1269
474
1255
502
1220
477
1248
474
1252
481
385
481
1244
478
388
479
1251
481
385
482
385
481
385
482
384
503
364
481
385
482
384
482
389
477
389
477
390
477
389
477
389
477
389
477
390
477
389
477
394
483
383
483
1242
480
1246
508
358
476
390
481
385
477
390
476
395
482
384
482
385
482
384
482
384
483
383
483
1243
479
1250
525
342
482
385
481
385
481
385
482
384
482
384
504
363
482
384
482
389
477
389
478
389
481
385
509
357
478
388
478
389
478
388
478
393
473
393
474
392
474
393
473
393
473
393
474
396
470
392
474
1257
476
390
476
390
477
389
477
390
476
390
476
390
477
389
477
395
486
380
482
1244
478
1247
475
391
475
391
476
390
476
390
476
396
481
385
482
388
478
384
482
1244
478
1247
475
391
475
391
476
1252
480
