3535
1693
472
393
473
1252
481
386
480
385
481
386
481
385
481
385
481
390
477
390
476
390
476
390
476
391
475
391
475
1250
483
383
483
393
473
389
478
388
478
388
478
388
478
389
478
1247
475
1251
481
1249
509
357
484
382
474
1252
480
386
480
386
481
385
481
385
481
390
476
391
476
390
476
394
472
391
475
391
476
390
476
390
476
396
481
385
481
385
481
385
482
384
482
384
482
385
482
384
482
389
477
389
477
390
477
389
477
389
477
389
477
390
477
389
477
394
482
384
536
1193
476
1246
476
390
476
390
476
391
475
391
475
393
484
9913
3546
1686
479
387
479
1246
476
390
476
391
475
391
475
391
475
391
479
393
480
386
481
385
481
385
481
386
480
386
480
1245
477
389
478
401
476
383
483
383
483
383
483
383
483
384
483
1242
479
1246
476
1255
478
388
478
388
478
1248
474
392
474
392
474
392
475
392
484
387
480
386
480
386
480
387
479
387
480
386
484
382
480
386
480
392
474
1251
482
384
482
384
482
384
483
384
482
384
482
1244
478
392
485
382
474
392
474
1251
481
1245
477
1248
485
1241
484
382
481
390
476
390
476
390
476
390
529
338
476
390
476
390
476
391
475
1272
482
1243
532
335
478
1247
475
391
475
391
475
1251
482
384
482
1248
478
388
485
382
484
382
484
382
485
381
485
381
485
382
474
397
480
386
511
355
480
387
479
391
476
387
511
355
479
387
479
392
475
391
475
1250
482
1244
478
388
479
387
483
384
584
282
478
393
484
382
485
381
474
393
484
382
484
382
485
1240
481
1245
477
394
483
383
504
362
484
383
483
383
483
383
483
383
483
383
483
389
478
388
478
388
482
385
477
389
478
391
475
388
478
388
479
393
483
383
483
383
484
382
484
383
483
383
504
362
484
383
483
1246
476
391
485
381
475
391
486
380
475
392
475
391
475
391
475
396
481
389
477
1245
477
1248
484
383
484
382
484
382
484
382
484
387
511
356
479
387
483
1242
476
390
476
1250
483
383
483
383
483
1245
508
