3538
1689
476
389
477
1248
474
392
474
393
474
392
474
392
474
392
474
397
480
387
479
387
480
386
480
386
485
382
500
1225
476
390
476
395
482
385
481
385
482
384
482
384
482
385
482
1247
474
1247
475
1255
509
358
477
389
477
1248
474
393
474
392
474
392
478
389
473
397
480
387
480
386
480
386
480
386
480
387
480
386
480
386
480
391
475
391
476
395
471
391
475
391
475
392
475
391
475
391
475
396
481
385
481
386
480
386
481
385
481
385
485
382
481
385
481
390
476
390
476
1250
483
1242
480
386
480
386
480
386
481
386
484
384
478
9923
3536
1692
474
392
474
1251
481
386
485
381
481
385
481
385
482
385
481
390
476
390
476
390
477
389
477
389
477
390
476
1253
480
382
484
388
478
388
479
387
479
387
479
388
479
387
479
1246
476
1249
487
1244
474
392
474
392
475
1251
481
385
481
385
481
385
482
385
481
390
476
395
472
389
477
389
477
390
476
390
476
390
476
390
477
395
481
1244
479
387
479
387
483
384
479
387
479
387
479
1246
476
395
482
385
481
385
481
1244
478
1252
470
1251
482
1244
478
388
478
393
484
382
474
393
483
383
473
393
473
393
488
378
484
383
484
1263
480
386
480
387
500
1225
476
390
476
390
477
1249
483
383
483
1247
475
391
475
391
476
391
475
391
475
391
475
391
475
392
475
396
485
381
481
386
480
386
481
385
481
385
481
385
481
386
481
390
476
390
476
1250
483
1245
477
386
480
386
501
365
481
386
480
391
475
391
475
391
507
359
476
390
476
391
507
1219
482
1243
479
392
485
381
474
392
474
393
474
392
474
392
506
360
475
391
489
383
511
355
480
386
480
386
481
386
480
386
480
386
481
385
481
391
475
391
476
390
476
394
472
391
475
391
475
391
476
390
476
1254
478
389
509
357
478
388
479
388
478
388
482
384
478
388
479
392
484
383
484
1241
481
1244
478
388
478
389
477
389
478
392
474
393
484
1242
480
1245
477
389
477
390
508
1217
484
382
484
382
488
1240
478
