3558
1669
475
391
476
1249
473
394
472
394
476
390
472
394
472
394
451
421
477
388
479
387
479
388
478
388
479
387
479
1246
476
394
472
396
481
385
481
385
481
385
535
331
482
384
482
1243
479
1247
475
1259
474
388
478
388
478
1248
474
391
475
392
475
391
475
391
475
396
481
385
481
390
477
385
481
385
481
385
481
385
482
384
482
389
477
389
478
388
478
389
485
381
477
389
482
385
477
388
478
394
483
383
483
383
473
393
473
393
474
392
474
392
453
414
473
398
479
391
475
1246
476
1249
473
394
473
393
473
393
473
393
473
396
481
9914
3534
1698
499
367
478
1247
475
391
475
391
476
390
476
391
475
390
476
396
481
385
481
385
482
384
482
384
451
416
482
1243
479
387
479
392
453
413
478
388
475
391
475
392
474
392
474
1251
482
1243
479
1251
482
384
482
386
480
1244
478
388
479
388
478
387
479
388
478
392
475
392
453
413
474
392
474
392
479
388
474
392
474
392
474
397
480
1245
477
389
477
389
478
389
477
389
477
389
478
1251
471
396
480
386
481
385
481
386
480
1245
477
1248
474
1251
486
381
481
390
476
390
476
390
477
389
477
389
477
389
478
389
477
389
477
1270
473
1257
476
1244
478
1248
474
1251
481
385
482
1243
479
387
483
1248
481
385
481
385
481
385
481
385
482
384
482
384
482
384
482
390
445
421
445
425
473
389
477
389
478
388
446
421
446
420
446
425
473
393
473
1252
480
1246
480
386
477
389
477
389
477
389
477
394
472
395
472
393
505
362
472
394
472
394
483
1242
484
1241
477
395
482
1243
479
387
479
387
480
386
480
386
480
387
479
387
501
370
475
391
475
391
475
391
476
390
476
391
475
391
475
391
507
364
481
385
482
384
482
385
485
381
482
384
482
384
482
384
483
1247
475
392
474
392
474
392
559
307
453
413
475
391
475
392
474
397
480
386
481
1244
478
1247
474
392
475
391
475
392
474
392
479
392
480
1245
477
1249
473
393
473
1252
481
1244
478
388
478
392
474
1250
472
