3501
1725
451
415
451
1276
447
418
448
418
448
418
449
417
449
417
449
422
455
412
454
412
455
411
455
411
450
416
445
1280
453
414
452
419
448
418
448
418
448
418
448
418
449
418
448
1281
441
1280
453
1277
455
411
445
421
445
1281
452
414
452
414
453
413
457
410
452
418
448
419
448
418
448
418
449
417
449
417
449
417
450
416
450
422
455
411
445
421
445
421
445
421
445
422
445
421
445
421
446
425
451
415
452
414
452
414
452
415
452
414
452
414
452
414
453
418
448
418
448
1278
444
1281
452
414
452
414
453
413
453
413
457
412
450
9946
3514
1717
448
418
449
1276
446
420
451
416
446
420
446
420
446
420
447
424
453
413
453
413
453
414
452
414
453
413
453
1276
446
416
451
420
446
421
445
421
446
420
446
420
446
420
510
1216
453
1272
454
1276
453
413
453
413
453
1272
451
415
451
416
450
416
451
415
451
420
446
424
443
420
446
420
446
420
447
419
447
419
447
419
447
424
453
1273
449
417
450
416
454
412
451
415
451
415
451
1275
447
424
453
413
454
1271
451
415
451
415
451
1278
445
1277
455
411
445
426
451
415
451
415
452
415
451
415
451
415
451
415
456
410
452
1295
448
1278
455
1270
452
1273
449
1276
446
420
446
1280
453
413
453
1277
445
421
445
421
445
421
446
421
445
421
445
421
446
424
442
425
452
414
452
415
451
415
452
414
452
414
452
415
452
414
452
419
447
419
447
1282
451
1270
452
414
452
414
453
414
452
414
452
419
447
419
448
418
448
418
448
423
444
418
448
1277
445
1280
453
418
448
1277
456
411
455
411
445
421
449
417
445
421
446
421
445
426
451
415
451
415
452
414
452
414
452
415
451
415
452
414
452
423
444
418
448
418
448
418
449
418
448
418
448
418
449
417
449
1281
452
414
452
415
455
411
451
415
452
414
452
414
452
414
453
419
447
419
447
1278
455
1270
452
418
448
414
453
414
452
414
452
419
448
1277
455
411
445
1280
505
362
452
1273
449
417
449
417
481
1247
454
