3536
1694
479
384
481
1245
477
389
478
388
478
389
477
389
478
388
478
393
484
382
483
384
483
383
484
382
484
382
484
1242
480
386
480
391
480
386
475
392
475
391
475
391
475
391
475
1251
482
1243
532
1198
481
386
486
380
481
1244
478
389
477
389
509
357
478
388
478
393
484
383
483
383
483
383
473
398
479
383
483
383
483
383
483
388
479
388
477
389
478
388
478
388
479
387
447
420
478
388
483
388
506
360
485
382
473
393
537
329
474
392
474
392
474
393
484
387
479
387
480
1250
471
1249
484
383
483
383
483
383
484
383
483
385
481
9916
3547
1685
477
389
477
1248
473
393
474
393
473
393
474
392
474
392
485
386
485
382
479
387
501
365
479
387
480
387
480
1245
476
390
477
394
482
385
482
384
482
389
478
382
484
383
483
1243
479
1246
508
1223
477
389
478
388
477
1253
470
392
474
392
474
392
454
412
475
396
481
386
480
386
480
386
534
332
481
386
480
391
476
385
481
390
476
1250
483
383
482
384
483
384
535
330
484
383
483
1242
485
386
475
392
475
391
475
390
476
1250
483
1243
479
1246
476
390
476
396
485
384
477
386
534
332
482
384
482
385
481
385
481
385
482
1265
478
1247
475
1256
476
1244
478
1248
474
392
485
1240
482
385
481
1249
474
392
473
393
473
394
473
393
473
393
484
382
526
340
484
388
479
387
479
387
479
387
480
392
474
387
479
387
480
386
480
392
474
392
475
1250
482
1244
478
388
478
388
484
382
478
388
479
392
475
392
474
392
474
392
474
393
474
392
474
1251
481
1249
473
393
484
383
484
382
484
382
484
383
483
383
473
393
484
382
474
397
479
388
479
387
452
414
479
387
480
387
479
387
479
387
480
391
475
391
475
391
475
392
475
391
475
391
475
397
469
392
506
1224
476
390
477
390
476
390
477
389
477
389
477
390
477
389
477
394
487
379
482
1244
479
1246
476
390
445
421
477
390
476
390
476
395
482
384
482
1249
473
388
479
1246
476
1250
482
384
482
384
483
1245
477
