3538
1691
475
389
477
1249
473
392
474
393
473
393
474
392
474
393
473
398
479
387
479
387
480
387
479
387
479
387
480
1245
476
390
477
395
481
385
503
363
482
384
482
385
481
389
478
1243
479
1247
475
1255
477
389
478
388
478
1248
474
392
474
392
506
360
474
392
475
397
480
386
480
386
480
386
481
386
480
386
480
386
480
386
481
390
480
387
475
391
475
391
475
392
475
391
475
391
475
391
475
396
481
385
555
312
481
385
481
386
480
385
482
385
481
385
481
391
476
389
477
1249
484
1241
481
385
481
385
485
382
481
385
534
335
478
9922
3537
1691
474
392
475
1251
481
384
483
384
482
384
482
384
483
384
482
389
477
389
477
389
478
388
478
389
477
389
478
1247
475
391
475
397
480
386
480
386
480
386
480
386
481
386
480
1245
481
1245
473
1257
475
391
475
391
476
1250
482
384
482
384
483
383
483
387
479
389
478
388
478
388
478
388
479
388
478
388
478
388
478
388
478
393
505
1221
484
382
480
386
481
385
481
386
480
386
481
1244
477
395
482
384
483
383
483
1243
479
1246
476
1249
483
1242
480
386
480
392
475
391
475
391
475
392
510
356
475
391
475
391
475
392
474
1273
481
1244
478
1248
485
1240
485
1240
478
388
479
1247
475
391
475
1255
477
389
478
389
477
389
477
393
474
388
478
389
478
388
478
393
483
383
484
382
484
383
483
383
483
383
473
394
483
383
483
388
478
388
479
1246
476
1250
482
384
482
384
483
384
482
384
482
389
477
393
474
389
477
389
477
389
478
388
478
1247
475
1251
481
390
477
389
477
389
481
386
476
390
477
389
477
389
477
390
476
395
503
363
482
384
483
384
482
384
482
384
483
387
479
384
482
389
477
389
478
388
478
388
478
388
478
389
478
388
478
388
478
1253
480
386
480
386
480
386
480
387
480
386
480
386
480
386
481
390
476
391
475
1250
482
1247
475
388
479
387
479
387
479
387
501
370
475
392
474
1251
481
1244
482
1244
474
1251
482
384
482
385
481
1246
476
