3531
1696
480
385
481
1245
477
389
477
389
478
388
478
388
478
389
478
393
482
384
473
393
474
392
474
393
473
393
473
1252
481
385
481
391
476
390
476
390
476
390
476
391
476
390
476
1249
483
1243
479
1251
482
384
482
384
483
1243
483
383
479
387
479
388
479
387
479
392
474
392
474
392
475
392
474
392
474
392
474
392
474
397
470
397
480
386
480
386
480
387
480
386
480
386
481
385
481
386
480
391
475
391
476
390
480
386
476
391
475
391
476
390
476
390
476
396
481
385
481
1244
478
1248
474
396
470
392
475
391
475
392
474
394
483
9914
3534
1698
479
387
479
1246
476
390
476
391
476
390
476
390
476
390
476
395
482
385
481
385
482
384
486
381
482
384
482
1243
479
387
479
392
474
393
473
393
474
392
474
392
474
393
473
1256
477
1244
478
1253
480
386
480
386
480
1245
477
390
476
390
480
386
477
390
476
395
482
384
482
384
483
383
483
384
482
384
482
384
483
383
483
389
509
1220
470
392
474
393
474
392
474
392
474
392
474
1252
481
390
476
390
476
390
477
1249
473
1252
480
1245
477
1249
473
393
473
398
479
387
479
388
483
383
479
387
479
387
480
387
479
387
479
1268
475
1250
483
384
482
384
482
388
479
384
482
1243
479
387
480
1250
482
385
481
385
482
384
482
384
482
385
485
381
482
384
482
389
477
389
477
390
477
389
477
389
477
389
477
390
476
390
477
394
483
384
482
1243
479
1246
476
390
476
391
475
391
476
390
476
395
482
384
482
385
485
381
482
384
482
384
482
1244
478
1247
475
396
481
385
481
386
481
385
481
389
478
385
481
385
481
385
481
390
477
389
477
390
476
390
476
390
477
389
477
390
508
358
480
391
482
385
482
384
535
331
482
384
482
384
483
384
482
384
482
1248
506
360
475
396
470
392
474
392
474
392
475
392
474
392
474
397
480
386
480
1246
476
1249
477
389
484
383
483
383
483
383
484
387
479
388
478
388
479
387
479
387
479
1247
475
391
507
359
476
1252
480
