3535
1693
480
386
480
1245
477
389
477
390
476
389
478
389
477
389
477
394
488
379
482
384
482
384
483
383
483
384
482
1242
480
387
480
391
475
392
474
392
474
397
470
391
475
392
474
1250
483
1243
479
1252
480
386
480
386
481
1249
472
390
477
389
478
388
478
388
478
394
472
394
473
393
473
394
472
394
472
393
484
388
478
384
483
388
478
388
478
388
479
387
479
388
478
388
479
386
480
387
479
392
475
392
474
392
474
392
474
392
475
392
474
392
474
390
476
398
479
386
481
1245
476
1249
484
383
472
394
483
383
483
383
473
396
481
9915
3544
1688
482
385
477
1248
474
392
474
392
474
392
474
393
474
391
475
397
479
388
479
387
479
392
474
387
480
386
480
1246
476
390
476
395
482
385
481
385
482
384
482
384
482
384
488
1238
479
1246
475
1255
478
389
477
389
499
1227
473
393
474
397
469
391
475
392
474
398
479
387
480
386
480
387
479
386
480
387
480
386
480
386
480
391
480
1246
482
384
483
383
483
383
483
384
482
384
483
1242
480
392
474
392
474
397
469
1251
482
1244
478
1246
476
1250
482
385
482
389
477
389
482
385
477
389
509
357
477
389
478
388
478
389
509
1238
484
382
474
1252
480
391
497
363
482
385
481
1245
477
389
477
1253
480
387
479
387
479
387
479
387
484
382
480
387
480
386
480
391
475
391
475
391
476
391
475
391
474
393
474
392
475
391
475
396
481
385
481
1245
477
1248
474
392
506
361
474
392
474
392
484
387
480
386
480
387
479
387
480
386
480
386
480
1246
476
1249
484
387
479
388
478
388
479
387
484
382
479
388
479
387
479
387
479
392
506
360
475
392
474
392
475
391
474
392
474
393
474
397
470
396
481
385
481
386
480
386
481
385
481
385
481
386
480
385
482
1249
484
382
542
325
483
383
483
383
484
382
484
382
484
382
484
388
479
387
479
1247
475
1255
478
383
504
363
483
383
482
384
483
388
478
1248
474
392
475
391
475
392
474
1255
477
385
482
384
483
1245
477
