3525
1698
478
387
479
1247
475
390
477
390
476
390
477
389
476
390
476
395
482
385
482
384
482
384
482
385
486
380
482
1243
479
387
479
393
473
393
473
393
474
392
474
393
484
382
484
1241
485
1241
477
1253
480
386
480
386
480
1246
476
390
477
389
477
389
477
394
472
395
482
384
483
384
482
383
483
384
483
383
483
383
483
384
482
389
478
388
478
389
481
385
478
388
478
388
478
388
479
388
478
393
473
393
474
392
474
392
474
393
484
382
474
396
470
393
473
398
479
387
480
1245
477
1249
483
383
483
383
484
383
472
394
487
381
482
9915
3565
1667
477
389
478
1247
475
391
479
388
474
392
474
392
474
392
475
397
480
386
480
386
480
386
481
386
480
386
480
1249
473
389
478
394
483
383
483
383
483
383
483
383
483
384
483
1242
480
1245
481
1250
478
388
479
387
479
1247
475
391
475
391
475
392
475
391
475
396
481
389
477
386
480
386
481
385
481
385
481
385
482
385
481
390
476
1249
484
383
483
383
487
379
483
383
484
382
484
1242
480
391
475
391
475
392
474
1251
482
1243
483
1242
476
1250
482
384
483
388
478
389
477
389
478
388
478
388
478
389
478
392
474
388
478
1270
473
1252
481
1244
478
388
478
389
477
389
478
1251
481
381
475
1256
476
390
508
358
477
390
476
390
476
390
476
390
477
389
477
398
479
384
482
384
482
384
483
383
483
384
482
384
504
363
503
368
477
389
477
1248
478
1248
485
381
481
385
481
385
482
384
482
389
509
358
477
389
508
358
477
390
476
394
473
1248
484
1241
481
391
475
391
475
391
476
391
475
391
507
359
475
391
479
388
475
396
481
385
481
385
481
385
481
386
481
385
481
385
481
385
481
391
476
390
508
362
472
390
476
390
477
390
476
390
476
390
476
1255
478
388
510
356
478
388
479
388
482
384
478
388
532
335
478
393
484
382
473
1252
481
1245
477
389
477
389
477
389
478
389
477
393
484
383
483
1242
480
387
480
386
480
1245
477
389
477
390
476
1251
482
