3530
1694
481
385
481
1244
482
384
477
390
476
389
477
390
476
390
476
395
481
385
481
385
482
385
481
385
481
385
481
1246
475
390
476
395
482
384
482
384
482
385
502
364
481
385
481
1245
476
1249
483
1247
474
392
474
392
474
1252
480
386
480
387
479
387
480
386
479
396
470
392
474
393
484
382
473
393
484
382
484
383
483
383
483
388
478
388
478
389
477
389
481
385
477
389
477
389
477
390
476
395
481
385
481
385
481
386
480
386
480
386
480
386
480
386
485
386
475
392
474
1251
481
1245
477
389
477
389
477
389
477
390
476
392
474
9922
3546
1686
475
391
475
1251
481
385
481
385
481
386
480
386
480
386
480
391
475
392
474
392
474
392
474
392
474
393
483
1242
480
386
484
387
475
391
475
392
474
392
474
392
474
392
474
1252
480
1245
476
1258
475
387
478
389
477
1248
484
382
474
393
483
383
483
383
483
389
477
388
478
389
481
385
477
389
477
389
477
389
477
390
476
395
482
1243
478
389
477
389
477
389
477
393
473
390
476
1249
483
388
478
389
477
1247
485
382
473
1253
479
1249
472
1250
483
383
483
388
477
390
508
358
477
389
477
389
477
389
476
391
475
395
472
1272
481
1244
477
389
477
389
477
389
477
390
476
1249
483
383
487
1244
473
393
484
382
484
382
484
383
472
394
483
383
483
383
483
389
477
389
529
337
481
385
477
389
477
389
477
390
476
399
467
395
481
386
480
1245
477
1248
484
386
501
362
483
383
504
362
483
388
478
389
477
389
477
389
477
389
477
390
475
1250
483
1242
479
392
474
1252
480
386
480
386
480
387
479
387
479
387
479
387
479
393
505
360
474
393
484
382
484
382
484
382
484
383
483
383
483
388
478
389
477
389
477
389
478
388
509
357
477
390
508
358
476
1254
478
388
478
388
478
389
477
389
477
389
477
390
476
390
476
395
482
384
482
1243
510
1216
484
382
484
383
483
383
483
383
487
384
478
1247
485
1241
480
1245
477
1248
484
383
483
383
483
387
479
1244
477
