3563
1669
475
385
481
1244
478
388
478
389
477
389
478
388
478
388
478
393
474
392
478
389
473
393
484
382
473
393
474
1251
481
386
481
389
477
390
476
390
476
390
476
391
476
389
477
1249
483
1242
480
1250
483
383
483
383
473
1253
484
382
480
386
480
386
480
386
480
391
475
391
476
391
475
391
475
391
476
390
480
387
475
395
471
396
481
385
481
385
482
384
482
385
481
384
483
384
482
384
482
389
477
389
478
388
482
385
477
389
478
388
478
388
478
388
479
400
466
393
484
1241
481
1244
478
392
474
388
510
357
478
388
478
390
476
9920
3538
1693
484
383
472
1253
480
386
480
386
481
385
481
385
481
386
480
391
476
390
476
390
476
390
476
390
477
390
476
1249
473
393
473
398
479
387
479
388
478
388
479
387
479
387
479
1246
476
1249
473
1258
475
391
475
391
475
1250
483
383
483
383
483
387
480
383
483
388
478
388
478
388
479
387
479
388
478
388
478
388
479
387
479
392
474
1255
478
385
481
385
481
385
482
384
482
384
482
1252
470
393
473
393
473
1252
481
385
481
1244
478
1248
474
1251
481
385
482
389
456
410
477
390
480
386
477
389
477
389
477
389
477
389
478
1270
473
1252
480
1245
477
1248
484
1241
481
386
480
1245
477
389
478
1252
501
371
475
386
480
386
480
386
480
386
480
386
481
386
480
390
476
391
475
391
476
390
476
390
476
390
476
395
471
391
475
396
481
385
481
1244
478
1248
474
391
475
392
475
391
475
391
475
397
480
386
480
386
480
386
481
385
481
385
481
1244
478
1248
474
397
480
1245
477
389
477
389
477
390
476
390
477
389
477
389
477
394
483
383
483
383
484
383
483
388
552
309
483
383
484
382
484
387
479
388
478
388
479
387
479
387
479
388
478
387
480
387
483
1247
482
384
482
384
482
384
482
385
482
384
482
384
482
384
483
388
478
388
478
1249
473
1251
482
384
482
384
482
384
482
385
482
389
477
1248
505
361
489
1237
481
1243
478
1248
474
392
475
391
475
1253
479
