3534
1697
479
386
481
1247
475
389
477
389
477
389
477
389
478
389
477
394
483
383
483
383
505
362
504
362
483
383
483
1243
479
387
480
391
475
391
475
391
476
390
476
391
475
391
475
1250
485
1241
479
1251
482
384
482
384
482
1244
478
388
479
387
479
387
480
387
479
392
485
381
474
392
475
392
474
392
474
392
474
392
475
392
474
397
480
386
480
386
483
383
481
386
480
386
480
386
481
385
481
390
476
391
476
390
476
390
476
391
476
390
476
392
474
390
476
395
482
385
481
1244
479
1246
475
391
476
391
475
391
475
391
477
392
483
9913
3536
1696
480
386
481
1245
477
389
479
387
477
390
477
389
477
389
477
394
483
383
483
384
482
384
483
383
483
383
483
1243
479
387
480
391
475
391
475
391
475
392
475
391
507
359
475
1251
482
1243
479
1251
481
385
482
385
481
1244
478
388
478
389
478
388
478
388
478
393
484
382
476
391
484
382
473
393
484
382
485
382
473
393
474
397
480
1245
476
391
476
390
476
392
474
390
476
390
477
1249
483
388
479
387
479
387
511
1215
475
391
476
1249
483
1243
479
387
479
392
506
360
475
392
474
392
476
390
475
391
475
392
474
394
473
1272
481
1245
477
1248
474
1251
482
1243
479
388
480
1245
475
391
476
1255
477
389
478
388
510
356
478
389
478
388
478
388
510
357
478
393
505
361
484
382
474
392
485
381
485
382
484
382
474
392
485
386
480
386
481
1247
475
1248
484
383
473
393
484
382
484
382
484
387
480
387
479
387
479
387
480
389
477
387
479
1246
476
1249
484
392
474
388
478
388
479
387
479
387
479
388
534
332
479
387
480
391
475
391
486
381
506
360
475
391
475
391
475
392
475
391
475
396
481
385
483
384
481
385
481
385
481
385
482
385
481
385
481
1249
537
329
484
383
536
330
484
384
482
382
474
393
484
382
484
387
479
387
480
1245
508
1218
483
383
484
383
485
381
483
383
484
387
479
387
479
1247
476
1249
483
383
484
1241
481
388
478
386
481
1246
486
