3536
1692
479
385
481
1245
476
390
476
390
476
390
476
391
475
391
475
396
481
385
481
386
480
386
480
386
480
387
479
1246
475
391
475
396
481
386
480
386
480
386
480
386
480
386
480
1246
475
1250
482
1248
484
383
472
394
483
1242
479
388
478
388
478
388
478
388
478
393
484
383
483
383
483
383
483
384
482
387
479
384
482
384
481
390
476
391
475
391
475
391
475
392
474
392
474
392
474
392
474
397
484
383
479
387
479
387
479
387
479
388
478
388
478
388
477
394
483
383
483
1243
478
1251
471
391
475
392
474
392
474
392
474
394
482
9915
3539
1697
479
383
482
1244
478
388
478
388
478
388
478
389
477
389
477
394
482
384
486
380
482
385
481
385
481
385
481
1245
477
389
476
395
482
384
482
385
481
385
481
389
477
385
481
1244
477
1249
504
1226
474
393
473
393
473
1252
484
383
479
387
479
387
479
387
479
392
474
392
474
393
473
393
484
382
484
382
484
383
482
384
483
388
477
1248
484
383
483
383
473
393
483
383
483
384
482
1243
478
393
484
382
473
1253
479
387
479
1246
476
1250
481
1244
478
389
477
394
507
359
482
384
490
377
481
385
481
385
481
385
481
385
481
1267
475
1250
482
385
481
385
481
385
481
1244
478
1248
473
393
473
398
479
387
479
387
479
388
482
384
478
388
478
388
478
388
478
394
482
384
482
384
482
385
481
385
481
385
481
385
481
390
477
389
476
391
475
1250
483
1243
478
388
478
388
478
388
478
389
477
394
486
380
482
385
481
385
482
384
481
385
481
1244
478
1248
484
387
479
387
479
389
477
388
478
388
478
388
478
1248
473
393
484
387
479
387
479
387
479
388
478
388
481
385
478
389
476
390
476
395
482
384
482
384
503
364
481
385
481
385
481
386
480
386
480
1254
478
384
482
385
481
385
486
380
481
385
481
386
480
386
480
391
475
391
475
1254
478
1244
477
389
477
389
477
390
476
390
476
395
482
384
482
1244
477
1248
474
1252
554
1171
476
1249
483
383
483
386
480
