3527
1697
479
390
476
1245
477
389
478
388
478
388
478
388
478
389
478
392
474
392
485
382
484
382
484
383
483
383
473
1252
480
386
481
390
476
390
476
390
476
390
476
391
476
390
508
1217
483
1242
480
1251
482
383
483
384
482
1243
479
387
479
387
481
385
480
387
479
391
476
391
475
391
475
391
475
391
475
392
475
391
475
391
475
396
481
390
476
386
481
384
482
385
481
385
481
385
482
384
482
389
477
389
477
390
477
389
477
389
481
385
477
390
477
389
477
394
483
383
483
1242
480
1245
477
390
476
390
476
395
471
390
476
392
506
9894
3533
1695
481
385
481
1248
474
388
479
387
479
388
478
388
478
388
479
392
474
392
474
392
475
391
475
392
474
392
478
1247
482
385
481
390
476
390
476
390
477
389
477
389
477
390
476
1249
474
1251
481
1249
557
309
484
383
483
1242
480
386
480
386
480
386
481
385
481
390
476
391
475
390
477
390
529
337
476
390
476
391
475
391
476
395
482
1243
479
387
483
383
479
388
479
395
471
387
479
1246
476
396
481
385
481
385
482
1243
479
1246
476
1249
483
1242
480
387
479
392
474
392
475
391
475
392
474
391
511
356
474
392
506
360
475
1272
482
1243
478
1248
474
1251
482
1247
475
387
479
1247
475
391
476
1254
478
388
478
388
478
389
478
388
482
384
478
388
479
387
479
392
474
393
484
381
475
392
474
392
474
392
474
392
474
392
475
401
476
386
480
1245
477
1248
474
392
474
392
453
414
473
393
474
398
479
386
484
382
501
366
480
386
480
386
480
1245
477
1248
474
398
479
1246
476
394
472
390
476
390
476
390
476
391
476
389
477
395
482
384
482
384
482
384
483
384
482
384
486
380
483
383
472
399
478
389
477
389
478
388
478
388
478
388
478
389
478
387
479
1252
481
385
481
385
481
385
481
385
481
385
482
385
502
364
481
390
477
389
477
1249
473
1256
476
386
481
385
481
385
481
385
481
391
454
1271
483
1242
480
1246
476
1248
484
1242
481
385
481
385
481
1246
476
