3535
1694
473
391
474
1251
481
386
481
385
481
385
449
417
481
386
481
390
476
390
476
390
477
389
477
390
476
390
476
1249
473
394
473
398
478
388
479
387
479
387
479
388
479
387
484
1241
476
1250
472
1258
475
391
474
392
475
1251
503
363
482
389
477
385
482
383
483
389
477
389
477
389
478
389
477
389
477
389
478
388
478
389
477
394
488
378
473
393
484
382
473
394
472
394
483
383
484
382
484
388
478
388
478
388
479
388
478
387
479
388
479
387
479
387
479
393
474
392
474
1251
481
1244
478
388
479
388
478
388
478
388
479
390
476
9924
3534
1694
483
383
483
1243
479
387
479
387
480
386
480
387
479
387
479
392
506
360
475
391
475
391
475
392
475
391
475
1250
483
384
482
388
478
389
477
389
478
389
477
389
478
388
477
1248
475
1256
476
1249
473
393
505
361
474
1251
481
386
481
385
481
386
480
386
481
390
476
390
476
390
476
391
476
389
477
390
476
390
476
390
477
395
482
1243
479
392
474
388
479
387
478
388
479
387
480
1245
477
395
481
385
482
1243
479
388
477
1248
475
1250
482
1244
479
387
479
392
485
382
473
392
475
392
474
397
469
392
474
392
475
392
474
1273
480
1244
479
1248
484
1241
486
1239
489
378
477
1248
474
392
474
1256
477
390
476
390
476
390
477
389
477
390
508
358
528
338
476
396
481
384
482
385
482
384
482
384
482
384
483
383
504
363
482
388
478
389
478
1248
484
1241
502
365
481
385
481
385
481
384
483
389
477
389
482
385
476
390
477
389
477
389
477
1249
484
1240
481
391
476
390
476
391
475
396
470
391
476
390
476
391
475
391
475
396
482
384
482
384
482
385
481
385
482
384
482
384
487
380
481
390
508
358
477
390
477
388
478
389
477
389
478
388
478
389
477
1253
480
386
480
386
480
387
480
386
480
386
480
386
481
385
481
391
475
391
476
1249
483
1247
475
387
479
387
480
386
480
386
480
392
475
391
527
339
475
1251
482
1247
475
1246
476
390
477
390
475
1252
481
